# Created by Octave 3.8.2, Wed Sep 21 16:20:57 2016 UTC <pi@aabpi>
# name: local_packages
# type: cell
# rows: 0
# columns: 0


